,Feature 1,Feature 2,Feature 3,Feature 4,Target
0,1,1,74,14,1
1,2,2,40,38,4
2,3,3,25,76,9
3,4,4,58,53,16
4,5,5,96,41,25
5,6,6,53,50,36
6,7,7,68,96,49
7,8,8,42,83,64
8,9,9,51,58,81
9,10,10,9,69,100
10,11,11,68,2,121
11,12,12,94,2,144
12,13,13,80,98,169
13,14,14,42,21,196
14,15,15,94,10,225
15,16,16,46,63,256
16,17,17,38,58,289
17,18,18,55,75,324
18,19,19,89,93,361
19,20,20,61,75,400
